./data/images/101.jpg 63,236,302,417,0 13,102,150,233,0 155,34,295,145,0
./data/images/102.jpg 7,416,260,557,0 264,405,534,563,0 530,408,792,559,0 443,266,709,400,0 164,239,437,391,0
./data/images/103.jpg 86,78,743,504,0
./data/images/104.jpg 8,139,408,337,0 348,136,738,326,0
./data/images/105.jpg 22,21,770,776,0
./data/images/106.jpg 16,106,380,384,0 409,169,766,460,0
./data/images/107.jpg 18,399,474,783,0
./data/images/108.jpg 20,290,710,658,0
./data/images/109.jpg 174,354,672,539,0
./data/images/110.jpg 35,224,706,664,0
./data/images/111.jpg 41,234,237,347,0 228,259,574,384,0 472,232,751,342,0
./data/images/112.jpg 3,321,750,596,0
./data/images/114.jpg 131,234,704,758,0
./data/images/115.jpg 18,357,215,535,0 200,364,389,540,0 395,360,556,542,0 591,378,735,552,0
./data/images/117.jpg 150,36,306,178,0 307,36,491,191,0 364,149,590,261,0 334,227,548,408,0 495,373,686,598,0 394,402,562,640,0 251,275,413,488,0 275,475,432,731,0 161,390,281,646,0 88,252,258,462,0 16,206,197,354,0 66,97,249,248,0 252,267,421,486,0
./data/images/118.jpg 14,170,373,354,0 395,174,730,350,0 21,473,362,677,0 398,470,750,667,0 36,758,743,996,0
./data/images/119.jpg 26,265,323,405,0 397,259,717,417,0
./data/images/120.jpg 14,92,787,598,0
./data/images/121.jpg 402,625,750,820,0
